13/2/2004	1	32	16	29	41	36	9	7
20/2/2004	2	13	50	47	7	39	2	5
27/2/2004	3	37	19	18	14	31	5	4
05/3/2004	4	39	37	4	7	33	5	1
12/3/2004	5	44	47	15	28	24	4	5
19/3/2004	6	42	45	33	37	36	9	4
26/3/2004	7	23	43	3	4	10	2	4
02/4/2004	8	4	24	12	36	27	2	9
09/4/2004	9	23	19	10	1	4	2	8
16/4/2004	10	28	40	14	15	35	3	1
23/4/2004	11	45	21	6	49	10	5	3
30/4/2004	12	27	16	6	5	23	7	6
07/5/2004	13	38	36	15	16	21	1	5
14/5/2004	14	32	3	1	39	21	2	6
21/5/2004	15	37	39	29	15	49	4	9
28/5/2004	16	41	44	6	35	11	6	5
04/6/2004	17	41	42	34	13	9	7	3
11/6/2004	18	7	2	47	10	8	1	7
18/6/2004	19	28	2	40	23	43	6	2
25/6/2004	20	30	21	35	3	34	1	2
02/7/2004	21	4	28	24	23	34	1	3
09/7/2004	22	44	19	5	12	2	8	9
16/7/2004	23	26	50	31	24	38	8	5
23/7/2004	24	10	27	7	34	31	8	3
30/7/2004	25	50	10	9	19	37	6	1
06/8/2004	26	5	35	44	15	24	6	5
13/8/2004	27	27	20	41	43	50	8	5
20/8/2004	28	27	10	35	9	6	6	8
27/8/2004	29	28	1	44	22	11	1	9
03/9/2004	30	14	12	15	34	8	7	6
10/9/2004	31	5	38	36	25	33	5	2
17/9/2004	32	41	39	15	18	29	8	5
24/9/2004	33	48	21	26	27	44	1	7
01/10/2004	34	48	20	45	21	12	6	5
08/10/2004	35	12	10	48	1	16	2	6
15/10/2004	36	37	21	14	43	22	5	8
22/10/2004	37	9	25	1	40	23	3	9
29/10/2004	38	32	1	38	35	8	9	4
05/11/2004	39	25	42	49	19	6	1	7
12/11/2004	40	12	13	4	32	11	9	3
19/11/2004	41	37	29	34	18	1	6	2
26/11/2004	42	24	1	34	4	36	8	6
03/12/2004	43	15	42	11	1	49	4	3
10/12/2004	44	3	13	43	1	16	7	2
17/12/2004	45	49	22	19	15	46	9	2
24/12/2004	46	3	27	29	4	37	6	5
31/12/2004	47	8	7	47	25	24	8	9
07/1/2005	1	50	27	47	3	23	3	2
14/1/2005	2	11	14	29	6	19	3	1
21/1/2005	3	12	14	10	26	24	8	5
28/1/2005	4	26	21	7	43	45	5	7
04/2/2005	5	11	1	40	30	8	7	8
11/2/2005	6	11	13	25	32	50	7	4
18/2/2005	7	32	46	20	21	26	8	9
25/2/2005	8	43	3	27	44	30	8	4
04/3/2005	9	12	32	37	39	24	7	9
11/3/2005	10	40	12	43	23	8	1	4
18/3/2005	11	48	39	23	6	43	5	7
25/3/2005	12	29	33	38	4	37	9	6
01/4/2005	13	26	44	47	25	41	3	7
08/4/2005	14	31	50	25	11	7	3	1
15/4/2005	15	6	31	42	38	28	9	3
22/4/2005	16	13	10	24	47	3	9	5
29/4/2005	17	42	35	9	3	39	1	8
06/5/2005	18	44	21	12	7	26	6	8
13/5/2005	19	12	40	31	17	32	9	2
20/5/2005	20	28	6	47	7	13	8	5
27/5/2005	21	50	48	31	2	24	9	4
03/6/2005	22	8	11	3	17	50	5	1
10/6/2005	23	37	32	47	7	6	7	1
17/6/2005	24	8	4	10	21	18	7	1
24/6/2005	25	6	15	8	14	45	7	8
01/7/2005	26	23	28	5	4	25	3	4
08/7/2005	27	42	46	36	35	49	8	2
15/7/2005	28	42	23	1	11	12	6	3
22/7/2005	29	49	14	41	3	48	1	4
29/7/2005	30	50	3	19	49	26	5	4
05/8/2005	31	21	11	2	22	30	4	6
12/8/2005	32	37	23	40	15	30	7	9
19/8/2005	33	41	29	11	24	31	3	1
26/8/2005	34	29	35	40	41	9	6	1
02/9/2005	35	43	3	4	50	14	3	6
09/9/2005	36	31	12	50	19	8	7	6
16/9/2005	37	19	38	12	13	21	3	9
23/9/2005	38	1	31	34	26	47	4	9
30/9/2005	39	11	50	48	6	47	1	6
07/10/2005	40	26	44	21	13	2	3	9
14/10/2005	41	10	19	11	23	20	6	1
21/10/2005	42	19	14	33	1	29	1	8
28/10/2005	43	14	50	47	44	36	3	5
04/11/2005	44	38	42	36	37	26	2	6
11/11/2005	45	41	16	36	42	15	5	3
18/11/2005	46	34	17	18	48	25	3	2
25/11/2005	47	27	39	47	6	1	6	1
02/12/2005	48	1	30	20	9	23	4	7
09/12/2005	49	11	42	38	35	18	1	5
16/12/2005	50	2	18	3	15	32	7	6
23/12/2005	51	31	42	37	36	15	1	7
30/12/2005	52	19	45	43	8	16	1	4
06/1/2006	1	6	26	14	9	2	4	5
13/1/2006	2	12	19	33	34	8	1	6
20/1/2006	3	15	12	50	33	44	6	2
27/1/2006	4	9	21	15	40	49	4	1
03/2/2006	5	30	39	9	21	50	3	1
10/2/2006	6	5	38	6	48	50	6	7
17/2/2006	7	4	23	38	24	26	4	2
24/2/2006	8	18	19	1	47	11	7	3
03/3/2006	9	5	44	10	8	3	3	5
10/3/2006	10	1	33	21	45	49	4	8
17/3/2006	11	50	44	5	45	32	7	1
24/3/2006	12	17	47	28	33	35	4	9
31/3/2006	13	50	3	45	20	31	7	6
07/4/2006	14	13	12	29	50	44	4	5
14/4/2006	15	34	35	26	16	49	6	2
21/4/2006	16	46	1	22	20	37	1	9
28/4/2006	17	17	5	33	22	10	7	5
05/5/2006	18	8	50	16	4	14	9	3
12/5/2006	19	23	5	20	34	50	1	5
19/5/2006	20	49	34	25	3	5	8	5
26/5/2006	21	21	41	12	2	49	3	7
02/6/2006	22	41	7	48	27	8	6	1
09/6/2006	23	3	34	39	15	12	4	6
16/6/2006	24	26	36	1	16	30	9	3
23/6/2006	25	44	30	9	21	43	9	1
30/6/2006	26	16	6	15	40	43	1	2
07/7/2006	27	35	9	7	43	18	7	5
14/7/2006	28	1	31	7	17	36	8	2
21/7/2006	29	50	4	38	2	9	8	6
28/7/2006	30	3	43	29	8	12	6	7
04/8/2006	31	26	15	32	14	1	7	3
11/8/2006	32	47	31	46	28	27	5	2
18/8/2006	33	37	40	50	12	39	1	2
25/8/2006	34	47	10	28	48	40	8	6
01/9/2006	35	25	50	7	45	3	9	6
08/9/2006	36	12	10	32	33	1	8	1
15/9/2006	37	10	49	26	6	16	7	9
22/9/2006	38	30	45	49	29	10	8	3
29/9/2006	39	1	3	24	6	18	5	8
06/10/2006	40	5	35	11	22	38	7	8
13/10/2006	41	2	32	38	41	25	5	3
20/10/2006	42	10	34	47	19	45	6	3
27/10/2006	43	3	50	44	4	8	8	7
03/11/2006	44	13	11	44	24	49	9	3
10/11/2006	45	36	30	14	27	21	2	3
17/11/2006	46	36	12	33	22	32	2	6
24/11/2006	47	8	5	40	25	17	5	1
01/12/2006	48	16	37	8	41	4	2	5
08/12/2006	49	47	36	17	16	18	1	2
15/12/2006	50	35	37	9	42	23	3	7
22/12/2006	51	20	11	43	9	38	2	3
29/12/2006	52	14	9	6	13	35	3	4
05/1/2007	1	17	45	36	29	19	6	5
12/1/2007	2	14	8	25	19	11	3	5
19/1/2007	3	27	5	13	33	42	4	2
26/1/2007	4	38	11	23	15	30	4	9
02/2/2007	5	36	14	27	23	30	1	6
09/2/2007	6	36	16	46	30	14	8	2
16/2/2007	7	19	39	20	50	8	6	9
23/2/2007	8	20	2	22	18	15	5	2
02/3/2007	9	3	16	48	34	38	8	5
09/3/2007	10	43	25	3	2	48	9	6
16/3/2007	11	45	4	31	49	14	9	4
23/3/2007	12	43	17	5	40	13	3	1
30/3/2007	13	19	9	46	17	41	1	8
06/4/2007	14	41	48	29	23	15	6	3
13/4/2007	15	20	41	38	7	25	3	7
20/4/2007	16	41	26	32	45	23	3	7
27/4/2007	17	44	18	7	36	27	1	2
04/5/2007	18	17	41	35	6	45	1	5
11/5/2007	19	12	26	49	7	29	6	2
18/5/2007	20	49	37	34	26	39	2	6
25/5/2007	21	49	26	50	29	25	8	7
01/6/2007	22	22	41	42	37	6	6	9
08/6/2007	23	15	17	25	45	1	8	2
15/6/2007	24	5	14	40	7	21	3	8
22/6/2007	25	22	17	16	11	34	5	6
29/6/2007	26	28	8	33	45	12	1	3
06/7/2007	27	39	41	4	19	5	9	8
13/7/2007	28	13	9	31	15	48	6	3
20/7/2007	29	50	26	10	21	25	9	4
27/7/2007	30	4	29	21	1	41	8	7
03/8/2007	31	41	33	37	30	10	1	8
10/8/2007	32	40	43	49	42	23	6	2
17/8/2007	33	2	13	42	3	38	7	8
24/8/2007	34	16	3	42	1	48	2	3
31/8/2007	35	22	37	23	18	6	6	5
07/9/2007	36	42	3	34	2	33	5	3
14/9/2007	37	33	29	5	9	11	7	9
21/9/2007	38	35	37	17	1	32	8	1
28/9/2007	39	22	34	44	30	35	4	5
05/10/2007	40	20	27	35	44	11	5	2
12/10/2007	41	36	47	21	32	46	3	4
19/10/2007	42	7	18	34	35	40	7	8
26/10/2007	43	20	7	38	40	43	8	1
02/11/2007	44	40	16	3	19	18	2	1
09/11/2007	45	14	25	36	5	22	6	5
16/11/2007	46	23	18	33	37	9	1	8
23/11/2007	47	22	2	48	29	10	9	3
30/11/2007	48	38	20	12	19	30	9	7
07/12/2007	49	48	43	4	2	32	1	7
14/12/2007	50	8	30	36	25	44	4	3
21/12/2007	51	37	7	44	28	9	7	6
28/12/2007	52	45	31	20	22	21	9	7
04/1/2008	1	41	24	10	12	25	3	5
11/1/2008	2	24	36	50	8	49	4	8
18/1/2008	3	46	40	16	14	23	8	4
25/1/2008	4	2	19	9	45	6	7	8
01/2/2008	5	30	49	45	47	22	4	9
08/2/2008	6	17	38	28	44	30	1	4
15/2/2008	7	27	45	12	29	46	7	4
22/2/2008	8	46	50	4	27	32	8	9
29/2/2008	9	37	47	49	40	12	9	2
07/3/2008	10	14	17	7	35	2	6	1
14/3/2008	11	13	48	35	21	25	4	8
21/3/2008	12	10	2	22	18	36	6	4
28/3/2008	13	39	9	29	5	17	3	6
04/4/2008	14	18	37	47	13	11	6	1
11/4/2008	15	50	30	25	45	6	5	7
18/4/2008	16	27	6	7	50	3	5	9
25/4/2008	17	4	30	26	19	27	8	3
02/5/2008	18	26	48	45	37	2	8	4
09/5/2008	19	8	9	42	40	45	7	6
16/5/2008	20	6	38	9	25	15	4	9
23/5/2008	21	5	38	9	19	21	1	7
30/5/2008	22	14	20	49	7	5	8	2
06/6/2008	23	21	40	19	50	7	2	9
13/6/2008	24	16	37	44	50	13	9	1
20/6/2008	25	11	8	36	37	45	3	5
27/6/2008	26	20	44	5	50	26	5	7
04/7/2008	27	19	22	48	7	27	7	5
11/7/2008	28	37	19	11	13	9	3	4
18/7/2008	29	16	14	44	10	29	6	5
25/7/2008	30	29	7	15	24	11	7	2
01/8/2008	31	25	40	22	50	1	1	8
08/8/2008	32	15	5	16	45	4	7	4
15/8/2008	33	18	11	17	26	31	6	5
22/8/2008	34	50	27	29	39	7	7	5
29/8/2008	35	2	20	37	25	39	8	5
05/9/2008	36	17	12	39	16	7	3	8
12/9/2008	37	23	33	37	19	50	7	3
19/9/2008	38	14	16	19	31	20	9	6
26/9/2008	39	31	29	33	14	37	2	1
03/10/2008	40	4	38	13	19	23	2	3
10/10/2008	41	15	31	22	4	41	6	1
17/10/2008	42	50	12	10	3	42	1	5
24/10/2008	43	45	7	15	16	17	6	9
31/10/2008	44	34	25	3	41	18	5	2
07/11/2008	45	9	1	17	12	18	3	4
14/11/2008	46	14	26	10	8	21	4	3
21/11/2008	47	50	49	21	9	14	8	3
28/11/2008	48	8	25	11	41	16	4	2
05/12/2008	49	35	8	21	45	4	5	8
12/12/2008	50	2	19	42	28	49	7	2
19/12/2008	51	29	50	46	28	40	5	7
26/12/2008	52	44	26	2	1	50	1	7
02/1/2009	1	48	30	29	37	36	1	6
09/1/2009	2	22	7	15	28	48	4	1
16/1/2009	3	50	22	17	3	49	3	6
23/1/2009	4	36	49	33	40	32	2	8
30/1/2009	5	4	34	35	46	29	5	8
06/2/2009	6	36	30	20	40	10	3	5
13/2/2009	7	33	36	40	22	42	1	2
20/2/2009	8	13	48	9	12	14	1	2
27/2/2009	9	9	44	5	37	45	9	6
06/3/2009	10	13	35	25	17	19	5	6
13/3/2009	11	36	42	26	12	24	1	4
20/3/2009	12	31	12	35	23	16	4	6
27/3/2009	13	25	42	36	33	38	6	7
03/4/2009	14	46	24	32	20	2	1	9
10/4/2009	15	37	14	9	46	16	2	4
17/4/2009	16	7	4	21	44	47	1	5
24/4/2009	17	21	4	24	14	41	5	8
01/5/2009	18	38	47	31	19	5	3	5
08/5/2009	19	4	29	23	31	24	9	8
15/5/2009	20	19	8	42	18	20	5	9
22/5/2009	21	43	4	14	33	13	6	1
29/5/2009	22	30	47	2	37	5	6	3
05/6/2009	23	35	19	40	26	11	2	5
12/6/2009	24	50	14	6	16	34	6	4
19/6/2009	25	20	17	16	4	29	7	5
26/6/2009	26	21	6	11	39	30	8	2
03/7/2009	27	29	47	46	34	21	6	8
10/7/2009	28	42	20	6	16	46	1	6
17/7/2009	29	17	50	8	2	32	3	7
24/7/2009	30	15	47	35	25	14	9	5
31/7/2009	31	26	9	20	21	5	6	3
07/8/2009	32	22	10	31	24	20	7	2
14/8/2009	33	30	5	8	49	24	9	3
21/8/2009	34	16	42	31	7	4	5	3
28/8/2009	35	37	41	49	36	8	7	5
04/9/2009	36	20	39	6	9	38	9	3
11/9/2009	37	42	15	12	35	43	6	4
18/9/2009	38	30	16	41	38	6	2	4
25/9/2009	39	6	21	18	17	34	9	3
02/10/2009	40	44	29	24	23	22	5	1
09/10/2009	41	29	11	46	7	50	4	7
16/10/2009	42	23	30	31	47	12	3	4
23/10/2009	43	20	6	18	29	31	8	2
30/10/2009	44	35	9	33	38	40	2	6
06/11/2009	45	19	43	45	34	11	5	9
13/11/2009	46	15	25	32	26	13	4	3
20/11/2009	47	47	9	28	5	43	2	9
27/11/2009	48	33	15	13	5	8	8	9
04/12/2009	49	25	30	19	18	44	3	1
11/12/2009	50	41	43	44	46	20	2	9
18/12/2009	51	49	30	35	32	14	8	3
25/12/2009	52	4	17	5	34	14	5	3
01/1/2009	53*	22	24	27	36	9	7	5
08/1/2010	1	44	5	14	4	46	9	8
15/1/2010	2	49	50	26	29	11	4	7
22/1/2010	3	4	44	27	22	36	9	7
29/1/2010	4	39	43	30	17	9	7	5
05/2/2010	5	46	38	34	35	39	3	4
12/2/2010	6	5	45	1	38	18	6	4
19/2/2010	7	37	12	38	31	43	3	2
26/2/2010	8	42	11	29	7	18	7	6
05/3/2010	9	19	18	49	12	43	9	3
12/3/2010	10	46	1	26	36	33	7	6
19/3/2010	11	38	28	30	39	10	7	2
26/3/2010	12	18	37	8	16	43	2	6
02/4/2010	13	26	18	12	24	45	5	4
09/4/2010	14	44	23	24	21	7	3	4
16/4/2010	15	17	11	26	40	9	9	3
23/4/2010	16	46	3	7	8	43	6	8
30/4/2010	17	6	36	22	25	24	3	8
07/5/2010	18	15	21	6	3	32	7	9
14/5/2010	19	17	31	43	47	1	3	2
21/5/2010	20	38	19	50	7	30	4	7
28/5/2010	21	9	31	32	33	4	3	7
04/6/2010	22	34	42	17	40	4	9	4
11/6/2010	23	44	2	36	22	24	2	1
18/6/2010	24	2	29	31	38	32	4	1
25/6/2010	25	18	1	8	28	31	9	8
02/7/2010	26	46	41	36	13	12	8	1
09/7/2010	27	37	9	49	24	39	3	9
16/7/2010	28	49	46	45	39	38	7	8
23/7/2010	29	4	13	37	35	46	9	3
30/7/2010	30	39	11	3	4	28	8	2
06/8/2010	31	42	28	13	29	25	4	5
13/8/2010	32	15	9	47	21	4	7	2
20/8/2010	33	27	31	5	42	40	6	1
27/8/2010	34	13	6	30	1	49	1	9
03/9/2010	35	24	49	47	26	13	4	8
10/9/2010	36	35	41	21	45	17	5	1
17/9/2010	37	50	27	38	17	29	3	1
24/9/2010	38	1	16	48	4	40	1	9
01/10/2010	39	4	27	6	48	1	1	6
08/10/2010	40	46	35	39	30	9	6	8
15/10/2010	41	38	31	2	36	43	7	3
22/10/2010	42	39	5	11	9	4	3	5
29/10/2010	43	32	22	16	42	20	8	9
05/11/2010	44	21	23	33	50	40	5	4
12/11/2010	45	23	47	7	19	29	6	1
19/11/2010	46	36	12	15	45	32	9	7
26/11/2010	47	9	41	36	49	28	7	5
03/12/2010	48	28	32	46	8	19	4	7
10/12/2010	49	46	2	10	3	33	8	7
17/12/2010	50	3	35	29	42	20	3	8
24/12/2010	51	46	19	42	36	38	8	2
31/12/2010	52	2	24	43	38	34	1	7
7/1/2011	001	32	22	1	48	50	7	6
14/1/2011	002	44	2	24	14	39	7	6
21/1/2011	003	21	11	13	3	18	5	4
28/1/2011	004	41	24	23	42	13	5	1
4/2/2011	005	47	35	11	2	24	5	9
11/2/2011	006	15	14	12	19	23	7	8
18/2/2011	007	45	3	49	15	2	9	5
25/2/2011	008	42	45	13	48	12	3	9
4/3/2011	009	28	41	25	11	27	8	5
11/3/2011	010	17	24	37	19	46	2	7
18/3/2011	011	50	13	26	1	20	7	6
25/3/2011	012	12	21	6	33	27	7	3
1/4/2011	013	17	33	22	21	4	4	8
8/4/2011	014	21	47	23	38	50	6	2
15/4/2011	015	4	41	6	21	39	2	6
22/4/2011	016	22	45	48	11	36	1	4
29/4/2011	017	38	40	25	15	41	1	2
6/5/2011	018	28	16	20	22	11	4	9
10/5/2011	019	28	3	45	10	15	7	5
13/5/2011	020	17	47	11	36	9	2	1
17/5/2011	021	37	20	21	45	46	3	2
20/5/2011	022	42	25	10	20	14	8	11
24/5/2011	023	16	23	24	29	26	2	9
27/5/2011	024	28	9	49	25	17	9	8
31/5/2011	025	22	9	10	50	1	11	5
3/6/2011	026	49	40	50	39	4	2	5
7/6/2011	027	25	38	40	6	36	10	4
10/6/2011	028	37	20	3	48	19	8	11
14/6/2011	029	41	19	48	5	12	8	10
17/6/2011	030	11	22	21	16	44	8	3
21/6/2011	031	49	50	20	17	35	4	3
24/6/2011	032	41	20	5	30	16	11	6
28/6/2011	033	16	15	44	30	50	3	2
1/7/2011	034	11	23	31	8	46	9	8
5/7/2011	035	28	47	29	11	49	5	1
8/7/2011	036	12	13	40	49	23	7	10
12/7/2011	037	19	17	42	45	38	9	10
15/7/2011	038	26	6	33	39	34	3	4
19/7/2011	039	16	3	25	35	26	5	9
22/7/2011	040	4	50	15	49	23	2	6
26/7/2011	041	5	1	25	48	22	11	3
29/7/2011	042	37	38	19	27	12	5	10
2/8/2011	043	8	33	14	24	5	8	3
5/8/2011	044	34	32	18	14	13	1	10
9/8/2011	045	36	24	34	7	23	11	8
12/8/2011	046	7	20	37	10	27	7	4
16/8/2011	047	45	18	1	13	17	8	3
19/8/2011	048	16	6	31	28	14	11	2
23/8/2011	049	42	50	6	14	4	2	4
26/8/2011	050	25	45	22	33	12	5	7
30/8/2011	051	46	8	2	10	19	5	9
2/9/2011	052	37	12	26	38	44	4	7
6/9/2011	053	42	35	50	48	47	9	8
9/9/2011	054	21	5	34	31	28	2	1
13/9/2011	055	28	32	49	9	30	9	10
16/9/2011	056	39	2	42	17	8	3	10
20/9/2011	057	25	38	19	9	36	11	7
23/9/2011	058	6	33	48	14	34	6	2
27/9/2011	059	28	18	40	27	35	3	5
30/9/2011	060	28	15	44	31	5	1	6
4/10/2011	061	14	16	23	45	38	8	11
7/10/2011	062	42	34	18	38	26	8	5
11/10/2011	063	12	16	4	1	48	9	10
14/10/2011	064	47	23	12	29	32	3	5
18/10/2011	065	46	18	37	48	23	2	10
21/10/2011	066	37	19	2	33	46	5	8
25/10/2011	067	39	28	22	12	27	4	10
28/10/2011	068	39	16	20	17	50	4	8
1/11/2011	069	20	45	23	14	46	1	11
4/11/2011	070	11	14	41	43	50	2	9
8/11/2011	071	40	15	4	29	1	1	5
11/11/2011	072	30	18	1	4	23	3	7
15/11/2011	073	47	17	22	6	45	3	11
18/11/2011	074	39	44	24	4	12	2	4
22/11/2011	075	16	40	38	24	18	2	4
25/11/2011	076	16	40	38	24	18	2	4
29/11/2011	077	25	50	11	45	41	7	2
2/12/2011	078	27	40	7	43	30	9	8
6/12/2011	079	34	21	20	38	19	9	3
9/12/2011	080	21	12	47	44	29	2	1
13/12/2011	081	12	37	18	33	7	1	11
16/12/2011	082	10	2	23	31	5	5	2
20/12/2011	083	14	48	1	9	12	7	1
23/12/2011	084	7	21	22	24	28	1	11
27/12/2011	085	26	21	25	19	44	7	3
30/12/2011	086	36	44	43	16	50	8	7
3/1/2012	001	42	30	45	3	49	5	10
6/1/2012	002	1	6	10	31	12	7	2
10/1/2012	003	9	4	30	10	40	9	2
13/1/2012	004	39	13	21	14	27	8	6
17/1/2012	005	12	44	22	30	31	5	6
20/1/2012	006	10	28	27	2	22	8	6
24/1/2012	007	1	20	6	2	36	11	8
27/1/2012	008	10	19	44	13	39	6	2
31/1/2012	009	43	34	38	9	45	4	2
3/2/2012	010	16	20	19	25	28	1	10
7/2/2012	011	15	3	17	33	28	2	4
10/2/2012	012	3	14	31	41	8	7	11
14/2/2012	013	36	14	42	46	27	11	8
17/2/2012	014	11	4	47	28	38	11	10
21/2/2012	015	11	24	14	25	29	11	7
24/2/2012	016	3	7	12	26	34	8	10
28/2/2012	017	10	48	1	17	33	2	3
2/3/2012	018	44	5	11	6	30	6	2
6/3/2012	019	23	47	27	37	24	6	2
9/3/2012	020	39	36	32	47	3	6	9
13/3/2012	021	47	1	25	10	43	8	9
16/3/2012	022	12	4	50	3	23	4	7
20/3/2012	023	28	30	15	16	46	3	4
23/3/2012	024	50	15	9	23	31	8	11
27/3/2012	025	29	36	27	34	24	7	8
30/3/2012	026	46	17	23	4	36	10	6
3/4/2012	027	1	8	18	25	30	10	9
6/4/2012	028	11	35	45	20	30	2	3
10/4/2012	029	37	27	22	25	36	9	5
13/4/2012	030	8	39	43	13	26	3	5
17/4/2012	031	10	28	49	48	33	10	1
20/4/2012	032	32	41	29	3	6	11	10
24/4/2012	033	8	24	48	43	9	3	5
27/4/2012	034	36	43	30	27	20	1	6
1/5/2012	035	4	15	41	5	19	11	9
4/5/2012	036	26	41	40	39	3	1	2
8/5/2012	037	3	34	48	38	21	5	8
11/5/2012	038	1	17	13	44	38	2	11
15/5/2012	039	13	2	50	11	26	5	2
18/5/2012	040	29	50	43	47	13	9	11
22/5/2012	041	31	32	41	16	37	7	1
25/5/2012	042	35	12	22	49	46	2	8
29/5/2012	043	28	17	25	15	8	3	11
1/6/2012	044	26	2	36	14	4	9	10
5/6/2012	045	13	49	37	47	34	8	9
8/6/2012	046	11	22	5	34	40	9	11
12/6/2012	047	30	26	48	15	8	9	10
15/6/2012	048	48	38	27	22	10	3	7
19/6/2012	049	17	20	50	7	35	5	11
22/6/2012	050	18	14	19	43	49	7	3
26/6/2012	051	11	22	35	20	1	10	8
29/6/2012	052	14	17	28	39	29	11	1
3/7/2012	053	22	7	2	40	27	6	3
6/7/2012	054	40	42	38	31	32	3	1
10/7/2012	055	37	1	24	16	3	8	1
13/7/2012	056	18	46	35	25	8	9	4
17/7/2012	057	24	2	43	7	46	10	8
20/7/2012	058	19	23	10	45	49	9	10
24/7/2012	059	18	25	4	16	44	11	1
27/7/2012	060	15	48	14	23	21	2	10
31/7/2012	061	35	39	4	36	29	9	8
3/8/2012	062	34	35	42	24	46	5	1
7/8/2012	063	20	50	34	46	27	3	2
10/8/2012	064	50	21	17	48	11	9	10
14/8/2012	065	45	16	42	1	38	9	10
17/8/2012	066	19	25	33	44	28	8	10
21/8/2012	067	17	5	38	4	48	4	3
24/8/2012	068	6	5	19	37	12	7	3
28/8/2012	069	1	26	25	44	18	5	4
31/8/2012	070	31	28	16	48	33	11	7
4/9/2012	071	18	39	17	44	11	10	5
7/9/2012	072	15	35	13	30	42	4	6
11/9/2012	073	15	6	37	22	44	2	4
14/9/2012	074	27	10	44	23	3	9	7
18/9/2012	075	38	7	39	44	6	7	9
21/9/2012	076	41	4	34	43	19	7	11
25/9/2012	077	48	25	27	49	7	1	4
28/9/2012	078	20	23	26	30	33	6	9
2/10/2012	079	16	42	21	36	4	8	7
5/10/2012	080	19	16	18	21	9	3	2
9/10/2012	081	23	8	10	25	2	8	9
12/10/2012	082	35	7	17	43	6	2	8
16/10/2012	083	41	10	40	49	32	2	8
19/10/2012	084	16	40	44	37	29	8	10
23/10/2012	085	1	35	38	50	28	2	10
26/10/2012	086	9	5	6	38	27	5	11
30/10/2012	087	23	44	25	24	31	2	3
2/11/2012	088	6	10	3	44	11	3	4
6/11/2012	089	35	25	20	41	7	1	9
9/11/2012	090	47	28	14	21	22	5	4
13/11/2012	091	29	11	21	24	16	6	2
16/11/2012	092	15	19	41	23	10	2	9
20/11/2012	093	42	28	45	30	49	10	5
23/11/2012	094	11	20	40	9	1	5	1
27/11/2012	095	49	44	6	10	23	7	1
30/11/2012	096	18	23	40	24	10	3	4
4/12/2012	097	29	5	28	44	10	2	4
7/12/2012	098	10	18	31	42	16	2	5
11/12/2012	099	50	4	9	1	43	6	8
14/12/2012	100	40	29	11	43	10	11	3
18/12/2012	101	35	14	44	18	20	5	2
21/12/2012	102	40	5	3	42	22	3	10
25/12/2012	103	14	20	32	23	18	3	10
28/12/2012	104	26	49	27	24	17	3	5
1/1/2013	001	36	49	2	7	8	11	1
4/1/2013	002	4	10	27	22	41	10	8
8/1/2013	003	22	26	47	2	20	9	5
11/1/2013	004	37	22	29	4	41	7	4
15/1/2013	005	47	42	22	40	38	11	1
18/1/2013	006	39	26	27	30	4	10	3
22/1/2013	007	45	10	48	1	44	4	1
25/1/2013	008	3	10	37	18	31	2	4
29/1/2013	009	9	16	36	26	39	6	2
1/2/2013	010	37	5	34	38	21	1	6
5/2/2013	011	25	6	45	40	31	6	7
8/2/2013	012	14	44	11	34	9	11	10
12/2/2013	013	28	25	5	11	16	7	9
15/2/2013	014	2	4	42	28	22	4	9
19/2/2013	015	28	30	44	12	15	9	8
22/2/2013	016	15	37	36	16	28	2	11
26/2/2013	017	12	13	17	3	30	6	2
1/3/2013	018	1	11	36	29	42	4	5
5/3/2013	019	33	31	19	8	39	7	2
8/3/2013	020	20	42	23	28	3	8	11
12/3/2013	021	50	4	10	2	22	5	8
15/3/2013	022	24	14	39	4	21	10	3
19/3/2013	023	44	32	19	37	35	9	1
22/3/2013	024	27	32	12	34	49	9	8
26/3/2013	025	44	30	26	42	4	6	11
29/3/2013	026	44	30	46	43	13	9	5
2/4/2013	027	17	12	41	29	25	1	4
5/4/2013	028	32	1	17	39	11	7	2
9/4/2013	029	15	44	48	38	35	10	5
12/4/2013	030	28	45	15	5	10	3	9
16/4/2013	031	33	50	22	1	11	4	6
19/4/2013	032	1	46	8	42	48	4	7
23/4/2013	033	50	4	1	7	10	4	11
26/4/2013	034	40	38	16	24	11	2	5
30/4/2013	035	13	50	40	43	36	9	5
3/5/2013	036	5	49	34	3	40	2	3
7/5/2013	037	43	27	13	28	42	4	6
10/5/2013	038	48	35	45	1	32	4	11
14/5/2013	039	24	7	8	36	27	11	5
17/5/2013	040	25	24	50	6	20	9	10
21/5/2013	041	29	19	8	28	7	9	5
24/5/2013	042	22	17	40	7	27	2	3
28/5/2013	043	34	38	13	8	26	3	11
31/5/2013	044	29	43	28	34	27	10	5
4/6/2013	045	34	33	40	31	37	6	1
7/6/2013	046	14	26	45	50	7	2	7
11/6/2013	047	7	9	25	5	41	5	1
14/6/2013	048	41	25	48	10	47	6	10
18/6/2013	049	24	33	17	41	44	11	1
21/6/2013	050	30	11	36	45	10	1	2
25/6/2013	051	4	13	35	27	5	2	1
28/6/2013	052	15	1	47	28	35	7	1
2/7/2013	053	14	13	11	28	30	4	5
5/7/2013	054	28	4	33	12	15	1	10
9/7/2013	055	18	16	38	49	31	10	4
12/7/2013	056	26	42	33	18	32	3	2
16/7/2013	057	50	34	47	19	23	4	6
19/7/2013	058	24	35	13	26	16	5	2
23/7/2013	059	19	14	44	16	15	4	5
26/7/2013	060	23	38	29	12	49	4	3
30/7/2013	061	3	14	4	11	43	1	6
2/8/2013	062	42	36	48	37	21	7	4
6/8/2013	063	17	47	16	49	31	3	11
9/8/2013	064	24	4	23	7	9	9	8
13/8/2013	065	5	20	47	17	50	1	4
16/8/2013	066	39	20	24	37	27	5	10
20/8/2013	067	42	11	50	49	5	8	11
23/8/2013	068	30	37	26	6	1	8	5
27/8/2013	069	7	40	38	43	30	6	2
30/8/2013	070	45	25	17	36	2	5	9
3/9/2013	071	5	18	16	42	9	7	9
6/9/2013	072	25	11	32	23	37	7	4
10/9/2013	073	7	28	30	14	11	2	10
13/9/2013	074	14	27	6	4	33	10	5
17/9/2013	075	44	17	21	42	13	11	9
20/9/2013	076	5	11	38	35	45	2	3
24/9/2013	077	43	20	10	28	26	9	11
27/9/2013	078	41	15	11	38	43	6	2
1/10/2013	079	19	44	48	25	23	9	8
4/10/2013	080	50	35	6	24	20	5	10
8/10/2013	081	23	24	33	42	26	5	3
11/10/2013	082	6	17	23	12	43	5	9
15/10/2013	083	39	18	27	43	47	7	4
18/10/2013	084	25	36	47	46	5	2	6
22/10/2013	085	39	33	29	44	41	9	11
25/10/2013	086	2	31	38	3	10	6	10
29/10/2013	087	32	9	10	30	37	6	2
1/11/2013	088	19	33	29	30	7	3	8
5/11/2013	089	35	38	12	13	6	2	3
8/11/2013	090	35	20	42	43	28	8	10
12/11/2013	091	29	48	40	37	14	11	2
15/11/2013	092	13	42	3	15	29	4	1
19/11/2013	093	45	14	19	36	15	1	10
22/11/2013	094	40	26	13	25	50	8	9
26/11/2013	095	44	27	23	42	19	5	3
29/11/2013	096	10	23	7	2	43	4	7
3/12/2013	097	32	6	29	15	13	2	9
6/12/2013	098	18	31	36	2	1	7	10
10/12/2013	099	49	50	24	6	35	7	1
13/12/2013	100	24	22	23	1	31	6	11
17/12/2013	101	41	6	8	37	27	7	10
20/12/2013	102	13	22	17	43	12	10	3
24/12/2013	103	5	31	43	50	19	6	2
27/12/2013	104	1	22	6	13	28	10	5
31/12/2014	105	29	45	24	20	13	7	3
3/1/2014	001	3	44	27	38	31	3	8
7/1/2014	002	2	45	20	27	33	6	10
10/1/2014	003	1	27	2	11	29	10	1
14/1/2014	004	25	18	20	26	37	11	10
17/1/2014	005	26	19	33	42	32	10	4
21/1/2014	006	4	42	35	48	12	5	8
24/1/2014	007	19	41	35	34	5	1	5
28/1/2014	008	18	23	48	20	42	2	9
31/1/2014	009	10	15	31	8	16	8	9
4/2/2014	010	37	1	33	21	38	8	4
7/2/2014	011	17	19	47	3	46	9	10
11/2/2014	012	47	25	8	17	41	1	2
14/2/2014	013	19	39	4	2	6	2	7
18/2/2014	014	36	37	26	23	49	6	7
21/2/2014	015	28	13	17	30	32	5	7
25/2/2014	016	42	21	25	28	35	6	4
28/2/2014	017	38	44	32	12	43	2	7
4/3/2014	018	3	22	5	27	44	6	1
7/3/2014	019	38	10	40	5	41	1	8
11/3/2014	020	1	4	44	33	23	8	7
14/3/2014	021	30	24	6	27	25	9	5
18/3/2014	022	27	36	34	8	39	5	10
21/3/2014	023	37	7	39	30	42	7	5
25/3/2014	024	28	50	26	7	20	8	2
28/3/2014	025	3	43	19	28	4	3	7
1/4/2014	026	44	38	18	16	26	10	8
4/4/2014	027	50	45	28	6	10	10	11
8/4/2014	028	42	11	29	18	49	11	4
11/4/2014	029	8	33	30	12	19	4	11
15/4/2014	030	14	50	47	26	3	7	11
18/4/2014	031	21	47	31	39	24	3	7
22/4/2014	032	20	46	15	24	13	8	1
25/4/2014	033	13	49	44	21	24	9	1
29/4/2014	034	35	26	18	23	44	3	11
2/5/2014	035	30	42	4	31	38	11	2
6/5/2014	036	37	5	19	31	24	9	1
9/5/2014	037	45	28	3	26	21	10	7
13/5/2014	038	47	34	13	30	4	6	2
16/5/2014	039	26	23	37	29	40	4	3
20/5/2014	040	38	5	36	33	47	4	9
23/5/2014	041	31	3	47	8	34	11	9
27/5/2014	042	16	13	26	25	7	1	6
30/5/2014	043	27	41	24	45	5	7	6
3/6/2014	044	2	39	32	15	44	5	10
6/6/2014	045	34	40	25	7	49	9	11
10/6/2014	046	12	18	21	33	32	1	11
13/6/2014	047	16	22	28	46	18	11	9
17/6/2014	048	48	13	37	40	11	8	9
20/6/2014	049	5	38	49	15	25	1	2
24/6/2014	050	20	1	7	21	48	4	7
27/6/2014	051	39	34	45	33	31	2	10
1/7/2014	052	39	25	18	22	27	5	10
4/7/2014	053	47	18	43	39	4	6	2
8/7/2014	054	24	18	22	8	27	11	4
11/7/2014	055	38	35	5	49	22	7	4
15/7/2014	056	18	27	15	34	20	1	3
18/7/2014	057	1	41	43	11	29	3	11
22/7/2014	058	1	43	50	45	24	5	8
25/7/2014	059	10	24	9	12	43	5	9
29/7/2014	060	40	23	35	10	43	9	3
1/8/2014	061	50	44	46	48	24	10	5
5/8/2014	062	5	21	42	7	19	11	5
8/8/2014	063	29	21	35	46	43	1	9
12/8/2014	064	22	19	7	16	33	5	2
15/8/2014	065	4	21	30	5	23	10	8
19/8/2014	066	11	34	47	4	7	7	8
22/8/2014	067	29	17	49	35	4	1	2
26/8/2014	068	36	48	45	10	22	11	4
29/8/2014	069	32	38	26	9	2	3	6
2/9/2014	070	39	45	25	31	5	8	1
5/9/2014	071	18	50	23	46	1	9	3
9/9/2014	072	15	35	19	8	24	10	8
12/9/2014	073	31	9	33	26	13	7	11
16/9/2014	074	4	30	35	50	29	4	2
19/9/2014	075	6	34	8	38	48	9	3
23/9/2014	076	13	35	14	29	12	1	7
26/9/2014	077	46	35	47	13	27	1	2
30/9/2014	078	33	13	15	3	42	5	7
3/10/2014	079	13	23	50	48	4	10	5
7/10/2014	080	38	30	21	9	28	8	1
10/10/2014	081	29	42	47	45	6	9	10
14/10/2014	082	15	23	32	4	5	7	3
17/10/2014	083	49	13	48	1	40	8	10
21/10/2014	084	40	33	27	20	21	3	10
24/10/2014	085	42	20	3	30	9	6	1
28/10/2014	086	45	17	40	10	15	1	2
31/10/2014	087	10	41	13	20	33	9	3
4/11/2014	088	1	13	6	26	17	3	5
7/11/2014	089	32	13	38	46	25	10	1
11/11/2014	090	46	14	36	2	21	11	7
14/11/2014	091	36	32	38	48	17	8	5
18/11/2014	092	3	2	36	38	17	11	4
21/11/2014	093	28	32	7	37	4	5	10
25/11/2014	094	32	7	36	3	25	1	6
28/11/2014	095	10	23	6	41	15	10	4
2/12/2014	096	15	25	3	49	44	9	1
5/12/2014	097	5	8	48	47	37	3	2
9/12/2014	098	31	1	3	42	46	11	4
12/12/2014	099	28	2	15	31	37	4	6
16/12/2014	100	13	7	3	25	12	5	8
19/12/2014	101	39	44	23	29	31	5	8
23/12/2014	102	49	25	9	19	8	10	2
26/12/2014	103	26	45	27	49	17	2	3
30/12/2015	104	6	18	39	50	44	11	8
2/1/2015	001	24	25	49	28	22	3	6
6/1/2015	002	20	38	30	14	49	4	3
9/1/2015	003	6	32	45	21	24	1	11
13/1/2015	004	34	31	21	8	17	10	9
16/1/2015	005	34	32	29	30	46	6	3
20/1/2015	006	33	47	15	41	44	10	8
23/1/2015	007	30	45	29	38	6	8	1
27/1/2015	008	10	33	5	31	40	10	8
30/1/2015	009	9	24	15	13	19	3	8
3/2/2015	010	50	44	17	31	33	11	7
6/2/2015	011	50	30	10	26	39	8	7
10/2/2015	012	30	45	20	13	17	9	10
13/2/2015	013	24	12	39	44	42	3	11
17/2/2015	014	5	2	18	43	30	10	1
20/2/2015	015	37	46	10	4	14	4	7
24/2/2015	016	3	28	25	34	50	1	11
27/2/2015	017	17	25	14	5	47	10	9
3/3/2015	018	6	21	13	8	11	8	7
6/3/2015	019	47	30	49	50	23	7	2
10/3/2015	020	31	30	2	6	23	10	2
13/3/2015	021	4	5	22	18	23	3	1
17/3/2015	022	11	23	44	38	26	8	1
20/3/2015	023	3	14	42	48	37	1	10
24/3/2015	024	40	10	39	24	26	3	10
27/3/2015	025	30	39	32	44	2	10	6
31/3/2015	026	8	28	20	24	49	8	9
3/4/2015	027	39	37	49	29	27	4	2
7/4/2015	028	39	25	50	44	18	8	5
10/4/2015	029	25	43	22	23	30	5	9
14/4/2015	030	49	34	32	24	35	2	1
17/4/2015	031	39	2	34	24	30	11	8
21/4/2015	032	14	42	17	6	45	8	1
24/4/2015	033	31	5	40	29	19	3	10
28/4/2015	034	36	24	28	26	45	10	7
1/5/2015	035	19	26	20	25	3	6	10
5/5/2015	036	1	17	10	42	20	9	8
8/5/2015	037	14	19	49	7	47	10	3
12/5/2015	038	29	30	14	46	40	3	6
15/5/2015	039	47	42	44	5	35	9	8
19/5/2015	040	35	37	31	26	30	11	8
22/5/2015	041	18	44	35	24	45	5	11
26/5/2015	042	6	24	7	21	5	6	5
29/5/2015	043	4	20	48	45	3	8	6
2/6/2015	044	23	7	41	29	37	1	8
5/6/2015	045	8	7	2	48	45	9	1
9/6/2015	046	5	34	17	9	32	8	6
12/6/2015	047	11	10	37	5	8	9	7
16/6/2015	048	15	10	36	16	37	3	9
19/6/2015	049	7	14	20	31	42	9	3
23/6/2015	050	16	38	4	22	49	6	9
26/6/2015	051	10	19	6	3	24	5	7
30/6/2015	052	11	28	15	34	37	1	8
3/7/2015	053	11	18	44	15	12	3	9
7/7/2015	054	7	41	33	18	6	10	3
10/7/2015	055	35	8	15	5	41	5	4
14/7/2015	056	34	18	36	19	6	1	8
17/7/2015	057	21	48	22	1	43	9	7
21/7/2015	058	14	29	44	27	20	10	7
24/7/2015	059	21	46	2	9	35	2	11
28/7/2015	060	36	23	49	43	32	8	7
31/7/2015	061	34	21	16	50	40	6	9
4/8/2015	062	50	15	39	10	45	10	9
7/8/2015	063	1	5	21	44	39	4	11
11/8/2015	064	2	16	3	15	8	4	11
14/8/2015	065	45	4	44	7	39	3	5
18/8/2015	066	7	10	19	12	11	2	9
21/8/2015	067	47	4	16	18	43	10	6
25/8/2015	068	31	33	50	27	42	5	2
28/8/2015	069	11	34	30	29	31	4	7
1/9/2015	070	6	27	45	19	21	8	1
4/9/2015	071	27	8	45	9	50	8	10
8/9/2015	072	42	14	40	39	16	1	4
11/9/2015	073	19	50	10	29	18	9	1
15/9/2015	074	44	8	15	17	49	5	8
18/9/2015	075	39	34	33	7	29	8	7
22/9/2015	076	27	14	23	29	26	7	10
25/9/2015	077	14	37	30	13	23	8	2
29/9/2015	078	14	49	26	11	29	3	9
2/10/2015	079	21	35	7	32	18	11	2
6/10/2015	080	22	32	29	11	20	1	8
9/10/2015	081	43	42	47	40	1	9	11
13/10/2015	082	26	15	12	47	29	11	3
16/10/2015	083	28	43	7	48	29	3	10
20/10/2015	084	21	19	30	45	17	8	10
23/10/2015	085	25	7	32	39	30	2	8
27/10/2015	086	11	20	25	36	12	9	6
30/10/2015	087	34	13	17	8	21	6	7
3/11/2015	088	39	27	49	8	46	2	6
6/11/2015	089	26	40	38	17	3	4	10
10/11/2015	090	43	39	13	6	18	2	8
13/11/2015	091	33	10	18	40	17	8	2
17/11/2015	092	6	37	23	38	7	11	10
20/11/2015	093	34	49	30	46	4	8	7
24/11/2015	094	26	14	17	9	16	10	11
27/11/2015	095	50	16	30	37	29	6	8
1/12/2015	096	35	15	45	25	2	10	8
4/12/2015	097	17	27	18	39	8	7	1
8/12/2015	098	48	29	12	38	17	9	11
11/12/2015	099	43	5	21	3	40	11	6
15/12/2015	100	11	27	35	8	23	4	11
18/12/2015	101	22	6	26	29	48	5	6
22/12/2015	102	19	41	18	40	20	7	10
25/12/2015	103	10	27	40	3	25	9	3
29/12/2015	104	5	36	32	31	20	6	7
1/1/2015	2016/001	44	37	38	39	4	4	7
5/1/2016	002	36	10	6	39	31	6	10
8/1/2016	003	35	33	26	40	5	3	8
12/1/2016	004	2	10	30	44	1	1	8
15/1/2016	005	43	38	19	10	46	1	11
19/1/2016	006	2	30	38	43	46	7	2
22/1/2016	007	27	10	30	47	12	9	8
26/1/2016	008	15	40	24	48	38	2	9
29/1/2016	009	29	32	23	1	5	1	7
2/2/2016	010	36	21	10	6	9	6	2
5/2/2016	011	46	32	27	3	41	4	8
9/2/2016	012	9	6	13	28	37	4	5
12/2/2016	013	31	49	28	20	3	5	2
16/2/2016	014	3	22	50	10	37	6	10
19/2/2016	015	32	13	14	39	30	3	9
23/2/2016	016	42	32	23	25	37	11	1
26/2/2016	017	13	50	5	33	15	9	11
1/3/2016	018	37	7	28	13	4	11	10
4/3/2016	019	9	23	40	16	14	1	5
8/3/2016	020	9	14	23	8	1	7	1
11/3/2016	021	26	43	1	21	40	9	6
15/3/2016	022	7	10	5	44	34	10	2
18/3/2016	023	14	49	21	19	24	5	11
22/3/2016	024	15	49	12	26	42	5	8
25/3/2016	025	43	36	12	42	19	8	5
29/3/2016	026	4	25	19	36	1	3	11
1/4/2016	027	23	25	2	49	16	6	9
5/4/2016	028	3	19	40	9	5	5	2
8/4/2016	029	43	8	49	6	26	10	6
12/4/2016	030	9	1	5	22	38	10	2
15/4/2016	031	13	32	37	14	48	1	7
19/4/2016	032	27	14	44	15	11	7	2
22/4/2016	033	32	43	26	34	17	2	10
26/4/2016	034	10	42	17	32	31	2	5
29/4/2016	035	4	25	28	5	43	6	11
3/5/2016	036	23	34	8	24	38	3	7
6/5/2016	037	45	48	40	34	32	10	1
10/5/2016	038	40	2	26	27	49	10	5
13/5/2016	039	31	28	42	15	7	10	11
17/5/2016	040	32	27	39	36	15	3	10
20/5/2016	041	41	9	30	14	45	4	9
24/5/2016	042	37	17	34	16	23	9	6
27/5/2016	043	46	27	13	43	25	4	8
31/5/2016	044	6	30	26	48	12	6	7
3/6/2016	045	7	31	39	23	33	6	10
7/6/2016	046	26	49	19	45	35	2	5
10/6/2016	047	21	35	42	14	43	7	9
14/6/2016	048	13	50	42	39	34	11	9
17/6/2016	049	43	1	18	27	7	8	4
21/6/2016	050	32	35	17	49	5	5	1
24/6/2016	051	11	19	39	28	27	3	10
28/6/2016	052	43	37	32	26	49	5	4
1/7/2016	053	11	50	13	40	2	10	1
5/7/2016	054	38	29	10	48	1	4	3
8/7/2016	055	12	18	8	44	33	8	4
12/7/2016	056	26	3	41	33	7	2	10
15/7/2016	057	2	11	14	13	21	1	8
19/7/2016	058	24	37	19	28	36	6	3
22/7/2016	059	26	45	24	7	37	9	5
26/7/2016	060	13	49	10	45	3	11	2
29/7/2016	061	40	26	50	1	21	4	2
2/8/2016	062	27	46	38	2	8	2	6
5/8/2016	063	19	16	24	37	35	2	7
9/8/2016	064	19	43	44	12	45	10	5
12/8/2016	065	15	50	36	2	28	11	2
16/8/2016	066	34	37	46	26	2	4	8
19/8/2016	067	22	6	5	25	34	7	5
23/8/2016	068	2	31	45	37	23	8	4
26/8/2016	069	48	9	30	28	1	7	8
30/8/2016	070	29	42	13	16	35	6	8
2/9/2016	071	50	40	16	32	8	2	11
6/9/2016	072	45	12	34	24	30	7	10
9/9/2016	073	28	4	11	17	15	1	3
13/9/2016	074	44	16	4	7	35	3	1
16/9/2016	075	32	5	22	8	14	2	11
20/9/2016	076	45	41	4	1	10	9	6
23/9/2016	077	14	39	42	49	16	9	3
27/9/2016	078	41	6	13	39	9	2	12
30/9/2016	079	35	44	17	37	43	10	2
4/10/2016	080	4	38	7	14	34	4	11
7/10/2016	081	12	30	27	20	2	11	9
11/10/2016	082	12	37	20	24	5	4	11
14/10/2016	083	31	34	19	7	13	11	1
18/10/2016	084	2	25	17	21	27	9	6
21/10/2016	085	48	9	23	20	44	10	8
25/10/2016	086	28	15	21	3	20	5	1
28/10/2016	087	23	43	10	19	16	8	2
1/11/2016	088	10	20	6	37	29	9	1
4/11/2016	089	7	11	12	48	44	7	3
8/11/2016	090	49	47	9	50	5	9	8
11/11/2016	091	38	49	3	22	23	9	2
15/11/2016	092	42	7	15	36	48	3	7
18/11/2016	093	32	27	12	47	3	8	6
22/11/2016	094	47	10	5	33	34	10	2
25/11/2016	095	28	23	5	11	17	10	11
29/11/2016	096	38	27	21	28	26	11	9
2/12/2016	097	23	32	6	11	31	2	12
6/12/2016	098	27	1	7	11	45	9	4
9/12/2016	099	6	40	37	28	12	1	5
13/12/2016	100	28	50	48	29	14	8	2
16/12/2016	101	45	10	6	30	41	11	4
20/12/2016	102	15	27	13	21	17	3	2
23/12/2016	103	46	39	16	20	4	5	2
27/12/2016	104	32	22	39	25	3	7	12
30/12/2016	105	10	22	29	47	8	1	3
3/1/2017	001	34	27	49	23	19	11	1
6/1/2017	002	21	14	49	10	18	9	11
10/1/2017	003	44	29	35	11	2	4	9
13/1/2017	004	16	7	50	3	26	4	7
17/1/2017	005	43	4	25	16	47	10	2
20/1/2017	006	17	10	27	49	31	3	5
24/1/2017	007	5	1	23	17	7	3	8
27/1/2017	008	28	45	20	17	48	9	5
31/1/2017	009	4	17	44	23	3	6	9
3/2/2017	010	3	4	50	46	15	9	5
7/2/2017	011	44	38	4	31	10	10	8
10/2/2017	012	43	26	7	35	21	9	2
14/2/2017	013	44	40	24	2	10	3	10
17/2/2017	014	25	19	33	36	48	2	9
21/2/2017	015	19	41	49	13	45	4	3
24/2/2017	016	13	2	43	22	4	8	9
28/2/2017	017	35	31	10	42	20	2	12
3/3/2017	018	47	2	11	29	30	12	1
7/3/2017	019	6	37	50	41	48	5	4
10/3/2017	020	38	49	31	47	36	8	11
14/3/2017	021	21	5	44	36	3	3	6
17/3/2017	022	19	29	36	6	10	9	3
21/3/2017	023	47	23	20	44	1	11	4
24/3/2017	024	2	21	17	27	34	5	9
28/3/2017	025	33	13	46	9	31	6	10
31/3/2017	026	24	26	45	17	28	4	12
4/4/2017	027	24	33	9	1	34	2	6
7/4/2017	028	35	10	2	50	19	7	6
11/4/2017	029	22	5	31	49	21	8	2
14/4/2017	030	33	20	4	14	23	6	10
18/4/2017	031	22	17	45	38	31	12	5
21/4/2017	032	2	13	22	49	16	4	5
25/4/2017	033	11	9	32	19	43	3	9
28/4/2017	034	20	25	30	39	14	8	2
2/5/2017	035	27	25	19	6	23	12	11
5/5/2017	036	7	43	30	3	35	1	3
9/5/2017	037	26	22	16	12	8	7	6
12/5/2017	038	2	28	29	44	20	3	9
16/5/2017	039	20	8	30	11	15	3	8
19/5/2017	040	30	12	9	19	11	9	4
23/5/2017	041	15	8	42	25	27	1	4
26/5/2017	042	36	5	39	7	26	2	10
30/5/2017	043	27	48	38	12	7	9	6
2/6/2017	044	8	42	33	24	10	9	3
6/6/2017	045	25	40	20	22	37	7	3
9/6/2017	046	9	20	27	39	43	10	11
13/6/2017	047	12	3	22	27	49	11	4
16/6/2017	048	38	42	15	17	41	9	12
20/6/2017	049	44	43	11	18	26	8	10
23/6/2017	050	4	31	21	3	38	3	7
27/6/2017	051	45	17	21	9	28	1	3
30/6/2017	052	35	50	39	17	47	6	8
4/7/2017	053	22	25	10	37	49	8	5
7/7/2017	054	45	37	20	35	11	3	6
11/7/2017	055	50	26	42	22	14	8	10
14/7/2017	056	21	14	20	47	11	10	7
18/7/2017	057	41	27	1	45	25	7	5
21/7/2017	058	8	1	26	49	9	9	5
25/7/2017	059	14	44	43	48	12	11	2
28/7/2017	060	41	9	31	5	29	4	2
1/8/2017	061	29	24	21	30	14	10	8
4/8/2017	062	29	30	41	40	36	9	2
8/8/2017	063	26	15	40	25	41	4	5
11/8/2017	064	39	48	28	46	18	12	5
15/8/2017	065	14	30	46	10	35	4	10
18/8/2017	066	39	42	24	45	2	2	8
22/8/2017	067	10	12	17	3	27	3	5
25/8/2017	068	15	7	1	47	5	9	12
29/8/2017	069	4	12	32	15	38	1	5
1/9/2017	070	8	7	3	14	49	5	8
5/9/2017	071	28	18	29	6	9	9	1
8/9/2017	072	42	47	24	49	9	1	5
12/9/2017	073	35	17	29	10	27	4	11
15/9/2017	074	44	49	13	18	37	9	12
19/9/2017	075	45	21	1	8	30	3	2
22/9/2017	076	6	31	39	42	11	3	1
26/9/2017	077	40	29	1	48	41	12	6
29/9/2017	078	18	32	7	48	19	3	7
3/10/2017	079	32	6	50	24	48	1	5
6/10/2017	080	15	1	9	25	19	1	7
10/10/2017	081	36	4	37	21	34	6	3
13/10/2017	082	23	37	50	29	45	5	11
17/10/2017	083	19	26	17	13	36	2	3
20/10/2017	084	4	27	23	30	17	3	8
24/10/2017	085	27	9	33	13	11	10	7
27/10/2017	086	39	23	16	32	3	1	4
31/10/2017	087	46	12	43	36	1	3	5
3/11/2017	088	41	5	33	17	12	4	9
7/11/2017	089	37	19	41	20	7	12	2
10/11/2017	090	37	36	29	22	13	1	9
14/11/2017	091	16	40	39	41	14	8	10
17/11/2017	092	35	36	26	42	20	5	12
21/11/2017	093	31	28	10	2	14	7	5
24/11/2017	094	28	24	50	19	30	10	3
28/11/2017	095	42	1	12	6	18	2	7
1/12/2017	096	5	46	29	35	24	11	12
5/12/2017	097	48	11	44	43	36	2	7
8/12/2017	098	34	32	22	30	4	4	3
12/12/2017	099	39	20	37	50	44	4	8
15/12/2017	100	25	42	30	50	31	11	2
19/12/2017	101	15	38	46	8	30	4	7
22/12/2017	102	5	30	24	31	43	3	6
26/12/2017	103	30	4	17	44	43	10	2
29/12/2017	104	4	48	8	22	23	1	12
2/1/2018	001	20	10	21	48	28	1	8
5/1/2018	002	41	38	20	5	2	4	8
9/1/2018	003	6	49	38	12	15	9	2
12/1/2018	004	45	30	21	13	23	6	4
16/1/2018	005	46	34	31	20	23	3	12
19/1/2018	006	44	3	17	50	8	2	7
23/1/2018	007	5	23	8	9	24	7	8
26/1/2018	008	28	15	24	48	6	9	4
30/1/2018	009	11	15	35	27	21	5	4
2/2/2018	010	36	39	34	14	48	2	3
6/2/2018	011	8	28	17	38	34	6	12
9/2/2018	012	38	22	31	44	36	11	1
13/2/2018	013	13	44	10	21	17	10	1
16/2/2018	014	23	32	50	12	10	10	4
20/2/2018	015	6	25	14	19	29	11	5
23/2/2018	016	18	17	28	47	10	3	7
27/2/2018	017	48	31	3	41	50	11	8
2/3/2018	018	2	7	34	48	45	1	12
6/3/2018	019	26	44	20	31	15	2	9
9/3/2018	020	44	9	14	21	32	12	1
13/3/2018	021	11	9	13	33	49	12	6
16/3/2018	022	31	4	27	24	17	11	10
20/3/2018	023	44	39	29	26	37	9	11
23/3/2018	024	46	5	50	7	11	11	8
27/3/2018	025	46	40	20	23	17	9	10
30/3/2018	026	35	47	28	17	12	7	11
3/4/2018	027	43	3	40	16	8	8	5
6/4/2018	028	45	47	29	33	1	4	8
10/4/2018	029	48	14	39	46	27	11	12
13/4/2018	030	48	50	34	25	5	7	6
17/4/2018	031	39	15	33	27	50	6	4
20/4/2018	032	44	39	3	25	16	11	7
24/4/2018	033	28	44	30	23	20	3	7
27/4/2018	034	24	40	12	41	46	5	12
1/5/2018	035	48	42	15	17	6	4	6
4/5/2018	036	23	6	12	45	39	12	9
8/5/2018	037	17	35	25	39	44	5	2
11/5/2018	038	22	34	3	50	49	11	8
15/5/2018	039	20	16	4	31	39	2	12
18/5/2018	040	8	31	5	10	13	6	3
22/5/2018	041	48	11	1	37	41	8	12
25/5/2018	042	13	16	15	41	28	4	5
29/5/2018	043	20	43	6	38	11	4	2
1/6/2018	044	29	17	40	24	18	4	5
5/6/2018	045	39	46	9	22	15	5	4
8/6/2018	046	43	46	8	32	19	8	2
12/6/2018	047	7	21	23	36	38	6	8
15/6/2018	048	26	23	49	33	38	1	12
19/6/2018	049	26	7	19	50	42	9	4
22/6/2018	050	44	39	41	14	25	8	2
26/6/2018	051	20	34	16	15	50	7	4
29/6/2018	052	15	21	40	23	48	3	12
3/7/2018	053	15	29	12	48	1	5	3
6/7/2018	054	30	8	48	33	38	10	2
10/7/2018	055	3	33	26	8	45	10	7
13/7/2018	056	49	14	4	1	21	2	12
17/7/2018	057	4	50	6	27	48	1	11
20/7/2018	058	15	2	43	40	46	3	6
24/7/2018	059	40	23	2	4	39	3	9
27/7/2018	060	17	23	11	22	41	11	6
31/7/2018	061	25	34	20	42	45	6	11
3/8/2018	062	26	38	36	43	7	12	6
7/8/2018	063	30	29	28	36	16	10	8
10/8/2018	064	43	44	20	18	36	9	3
14/8/2018	065	31	1	15	25	18	9	11
17/8/2018	066	18	24	2	43	15	8	12
21/8/2018	067	43	16	49	23	42	12	10
24/8/2018	068	31	36	50	14	3	12	1
28/8/2018	069	42	46	4	16	32	12	8
31/8/2018	070	4	42	30	38	31	4	6
4/9/2018	071	47	5	28	30	14	11	4
7/9/2018	072	50	31	27	4	23	1	8
11/9/2018	073	32	18	9	38	46	2	3
14/9/2018	074	45	40	33	1	3	4	3
18/9/2018	075	10	32	45	8	3	4	12
21/9/2018	076	5	7	37	25	21	3	4
25/9/2018	077	38	6	20	30	15	4	7
28/9/2018	078	4	8	50	2	27	2	9
2/10/2018	079	45	29	37	7	17	11	3
5/10/2018	080	16	8	26	35	24	11	3
9/10/2018	081	3	45	44	12	36	11	8
12/10/2018	082	31	4	12	43	9	8	5
16/10/2018	083	15	28	42	37	40	1	6
19/10/2018	084	1	3	47	29	48	12	3
23/10/2018	085	32	2	1	5	21	12	2
26/10/2018	086	5	31	18	21	35	6	9
30/10/2018	087	44	27	23	17	43	1	12
2/11/2018	088	15	37	5	17	44	11	7
6/11/2018	089	14	36	24	43	40	2	9
9/11/2018	090	49	17	37	32	14	11	12
13/11/2018	091	10	7	13	2	42	6	3
16/11/2018	092	9	10	28	41	13	12	1
20/11/2018	093	6	48	19	45	39	7	12
23/11/2018	094	25	30	5	26	8	3	10
27/11/2018	095	17	16	4	32	18	11	2
30/11/2018	096	3	10	26	23	12	12	1
4/12/2018	097	21	19	45	20	42	8	9
7/12/2018	098	17	11	37	48	26	1	10
11/12/2018	099	4	13	7	42	23	1	3
14/12/2018	100	29	12	38	44	42	12	2
18/12/2018	101	1	18	39	48	9	7	5
21/12/2018	102	12	2	34	50	15	4	3
25/12/2018	103	8	4	43	31	5	9	2
28/12/2018	104	34	16	35	45	13	10	12
1/1/2019	001	11	25	8	28	1	4	6
4/1/2019	002	19	7	11	37	27	10	6
8/1/2019	003	19	32	31	3	22	2	11
11/1/2019	004	19	48	31	39	1	6	1
15/1/2019	005	33	22	35	25	29	3	6
18/1/2019	006	5	26	46	6	30	5	10
22/1/2019	007	29	49	41	9	23	8	10
25/1/2019	008	15	16	13	6	1	6	10
29/1/2019	009	39	14	24	32	26	8	3
1/2/2019	010	3	41	26	46	21	6	1
5/2/2019	011	31	43	14	25	37	2	3
8/2/2019	012	46	12	13	39	11	7	10
12/2/2019	013	34	36	50	41	6	1	5
15/2/2019	014	49	38	27	34	15	2	10
19/2/2019	015	19	8	18	1	39	9	7
22/2/2019	016	50	33	29	3	27	7	3
26/2/2019	017	29	47	15	3	35	4	3
1/3/2019	018	9	19	26	31	6	12	11
5/3/2019	019	16	10	46	39	6	8	11
8/3/2019	020	40	17	24	19	18	8	4
12/3/2019	021	5	13	7	19	31	9	2
15/3/2019	022	46	24	42	15	3	12	9
19/3/2019	023	9	6	1	47	34	12	7
22/3/2019	024	17	43	26	4	30	11	6
26/3/2019	025	47	43	19	23	12	2	6
29/3/2019	026	13	23	26	47	32	6	10
2/4/2019	027	9	26	16	2	36	6	7
5/4/2019	028	7	45	10	1	29	5	3
9/4/2019	029	38	41	18	29	21	1	11
12/4/2019	030	46	28	1	35	36	6	9
16/4/2019	031	1	49	15	8	44	2	11
19/4/2019	032	32	49	8	7	41	11	5
23/4/2019	033	23	44	18	27	42	7	2
26/4/2019	034	33	35	50	47	14	11	9
30/4/2019	035	20	26	12	48	5	2	11
3/5/2019	036	2	20	27	43	9	5	6
7/5/2019	037	32	20	47	7	26	2	11
10/5/2019	038	1	45	27	4	48	7	1
14/5/2019	039	14	25	50	10	17	2	10
17/5/2019	040	42	16	28	43	45	6	7
21/5/2019	041	47	32	34	33	39	12	8
24/5/2019	042	5	30	49	23	16	7	6
28/5/2019	043	28	7	29	19	20	1	5
31/5/2019	044	1	26	23	35	24	11	1
4/6/2019	045	31	32	9	39	41	8	2
7/6/2019	046	34	16	4	1	20	2	5
11/6/2019	047	27	46	42	25	39	11	12
14/6/2019	048	30	1	39	13	31	2	7
18/6/2019	049	44	40	12	37	24	3	7
21/6/2019	050	9	8	39	25	5	3	7
25/6/2019	051	27	34	6	26	46	1	9
28/6/2019	052	1	33	3	49	16	2	11
2/7/2019	053	11	19	29	44	45	8	12
5/7/2019	054	2	9	20	34	42	6	9
9/7/2019	055	7	29	32	36	41	6	7
12/7/2019	056	2	31	39	45	47	4	8
16/7/2019	057	3	5	13	18	39	7	8
19/7/2019	058	13	14	17	26	28	2	7
23/7/2019	059	1	14	19	23	38	3	7
26/7/2019	060	2	5	27	37	42	3	10
30/7/2019	061	15	20	23	27	40	3	6
2/8/2019	062	13	22	33	44	50	2	5
6/8/2019	063	12	13	29	36	38	4	12
9/8/2019	064	2	14	35	41	42	10	11
13/8/2019	065	13	29	31	33	40	2	3
16/8/2019	066	9	10	27	37	42	1	5
20/8/2019	067	20	22	23	24	37	1	4
23/8/2019	068	4	17	35	42	45	2	8
27/8/2019	069	8	26	35	43	47	1	9
30/8/2019	070	25	27	45	46	49	4	6
3/9/2019	071	7	11	38	39	44	7	10
6/9/2019	072	10	13	22	40	48	2	5
10/9/2019	073	3	22	25	30	49	3	6
13/9/2019	074	1	12	27	42	47	6	7
17/9/2019	075	22	37	43	44	45	1	12
20/9/2019	076	8	21	25	38	50	4	8
24/9/2019	077	2	33	42	47	48	1	2
27/9/2019	078	24	37	41	43	46	2	8
1/10/2019	079	2	11	18	40	46	1	4
4/10/2019	080	6	9	35	41	44	6	9
8/10/2019	081	7	10	15	44	49	3	12
11/10/2019	082	2	14	19	42	45	5	6
15/10/2019	083	3	28	31	32	34	4	5
18/10/2019	084	8	18	22	41	42	11	12
22/10/2019	085	2	5	32	33	47	7	8
25/10/2019	086	34	37	39	40	50	4	10
29/10/2019	087	16	18	28	42	49	5	10
1/11/2019	088	2	20	39	44	48	5	7
5/11/2019	089	9	14	25	33	48	2	12
8/11/2019	090	8	17	20	23	45	2	8
12/11/2019	091	1	21	23	25	39	2	4
15/11/2019	092	3	13	20	32	34	4	11
19/11/2019	093	8	10	15	30	42	4	6
22/11/2019	094	3	21	32	34	48	3	11
26/11/2019	095	2	3	15	19	34	5	8
29/11/2019	096	3	7	12	42	50	6	8
3/12/2019	097	18	31	32	38	48	4	12
6/12/2019	098	1	3	27	39	46	1	10
10/12/2019	099	2	10	19	21	47	2	8
13/12/2019	100	9	16	18	23	32	2	10
17/12/2019	101	1	7	12	25	49	6	9
20/12/2019	102	8	24	30	32	34	3	4
24/12/2019	103	3	11	13	14	47	3	6
27/12/2019	104	1	7	22	26	35	5	10
31/12/2019	105	26	31	33	41	48	2	4
3/1/2019	2020/1	5	15	20	36	47	8	12
7/1/2020	002	5	8	12	37	43	6	11
10/1/2020	003	6	17	32	44	46	2	6
14/1/2020	004	21	25	29	39	44	8	9
17/1/2020	005	8	19	20	29	44	3	8
21/1/2020	006	10	11	24	36	46	3	5
24/1/2020	007	3	4	6	9	24	5	8
28/1/2020	008	1	19	27	31	38	4	5
31/1/2020	009	13	18	20	23	30	2	4
4/2/2020	010	21	23	33	35	47	6	7
7/2/2020	011	9	15	17	25	40	3	9
11/2/2020	012	24	26	32	43	46	6	10
14/2/2020	013	5	20	35	41	49	6	10
18/2/2020	014	11	32	34	38	47	2	10
21/2/2020	015	7	23	30	32	45	5	9
25/2/2020	016	1	4	18	27	42	4	6
28/2/2020	017	8	11	20	22	23	3	4
3/3/2020	018	4	14	27	44	45	1	10
6/3/2020	019	15	38	43	45	46	1	11
10/3/2020	020	11	23	30	37	43	5	12
13/3/2020	021	3	11	21	27	36	9	10
17/3/2020	022	5	7	8	16	20	2	12
20/3/2020	023	3	9	20	34	40	6	12
24/3/2020	024	7	12	26	30	33	10	11
27/3/2020	025	11	14	27	41	46	2	3
31/3/2020	026	12	17	24	30	36	1	9
3/4/2020	027	16	19	34	46	50	2	6
7/4/2020	028	4	5	14	33	48	7	12
10/4/2020	029	3	10	17	33	39	1	4
14/4/2020	030	6	29	34	35	40	4	11
17/4/2020	031	16	28	32	37	45	1	11
21/4/2020	032	10	11	14	23	28	6	8
24/4/2020	033	1	5	19	21	28	4	7
28/4/2020	034	15	23	26	28	32	1	5
1/5/2020	035	19	20	38	45	47	2	6
5/5/2020	036	2	10	22	27	41	2	3
8/5/2020	037	8	25	32	33	38	7	9
12/5/2020	038	9	16	29	37	39	4	11
15/5/2020	039	11	23	32	34	39	1	6
19/5/2020	040	5	25	32	37	43	6	7
22/5/2020	041	3	18	22	27	32	2	7
26/5/2020	042	4	9	14	21	27	4	6
29/5/2020	043	4	8	11	19	46	4	8
2/6/2020	044	10	12	22	26	49	7	11
5/6/2020	045	5	11	17	24	37	3	6
9/6/2020	046	5	15	27	36	46	2	8
12/6/2020	047	2	24	39	45	46	4	8
16/6/2020	048	4	9	11	17	39	2	10
19/6/2020	049	5	14	19	24	43	3	11
23/6/2020	050	2	12	19	46	49	1	8
26/6/2020	051	1	10	12	21	26	5	11
30/6/2020	052	1	6	11	28	42	2	10
3/7/2020	053	4	16	27	37	39	3	6
7/7/2020	054	12	16	23	33	41	8	10
10/7/2020	055	15	17	23	30	38	2	7
14/7/2020	056	11	22	30	37	47	9	10
17/7/2020	057	7	15	27	41	43	7	9
21/7/2020	058	14	15	24	29	42	2	4
24/7/2020	059	8	9	27	28	50	4	12
28/7/2020	060	9	13	15	17	34	2	7
31/7/2020	061	21	24	30	46	49	2	5
4/8/2020	062	1	2	5	15	42	5	8
7/8/2020	063	5	20	21	36	41	6	11
11/8/2020	064	8	13	14	42	50	3	9
14/8/2020	065	9	10	19	42	49	4	12
18/8/2020	066	6	12	17	34	42	5	12
21/8/2020	067	10	15	35	44	50	3	5
25/8/2020	068	7	18	30	37	39	8	10
28/8/2020	069	7	12	16	17	31	7	9
1/9/2020	070	4	8	10	33	46	8	11
4/9/2020	071	6	22	29	40	43	4	7
8/9/2020	072	2	9	31	35	41	9	12
11/9/2020	073	34	38	42	43	45	9	12
15/9/2020	074	16	20	25	30	38	6	8
18/9/2020	075	2	10	19	25	45	1	7
22/9/2020	076	16	25	28	39	40	1	6
25/9/2020	077	19	23	34	37	45	1	7
29/9/2020	078	4	14	16	41	44	11	12
2/10/2020	079	6	12	15	40	45	3	9
6/10/2020	080	4	21	36	41	47	9	11
9/10/2020	081	11	15	35	41	50	5	8
13/10/2020	082	5	14	38	41	46	1	10
16/10/2020	083	15	33	38	40	50	3	6
20/10/2020	084	5	6	15	37	42	3	4
23/10/2020	085	10	15	19	21	23	3	12
27/10/2020	086	13	15	28	32	44	3	12
30/10/2020	087	12	16	20	21	28	3	9
3/11/2020	088	5	7	18	20	30	6	7
6/11/2020	089	7	12	37	40	50	1	2
10/11/2020	090	3	19	29	32	38	5	12
13/11/2020	091	1	5	17	28	31	1	10
17/11/2020	092	16	19	25	30	44	2	6
20/11/2020	093	28	29	39	48	50	5	7
24/11/2020	094	25	33	38	42	50	8	12
27/11/2020	095	2	5	8	14	16	8	9
1/12/2020	096	14	20	29	47	49	4	12
4/12/2020	097	14	20	27	34	38	1	11
8/12/2020	098	1	4	21	24	46	2	12
11/12/2020	099	6	9	13	24	41	3	12
15/12/2020	100	9	13	21	29	35	1	2
18/12/2020	101	2	3	13	17	21	7	8
22/12/2020	102	2	10	16	42	50	4	11
25/12/2020	103	16	21	27	30	32	3	5
29/12/2021	104	7	32	39	40	45	3	8
1/1/2021	001	16	28	32	44	48	1	9
5/1/2021	002	12	34	37	38	42	1	3
8/1/2021	003	18	23	37	41	42	4	6
12/1/2021	004	2	10	18	34	35	6	9
15/1/2021	005	4	10	27	38	40	3	11
19/1/2021	006	25	27	31	35	43	5	6
22/1/2021	007	8	16	42	44	47	6	7
26/1/2021	008	5	7	25	37	40	2	8
29/1/2021	009	1	5	27	36	42	1	6
2/2/2021	010	18	20	35	38	48	9	12
5/2/2021	011	12	19	37	44	45	2	6
9/2/2021	012	5	10	24	31	37	9	10
12/2/2021	013	7	23	30	32	36	8	12
16/2/2021	014	5	9	25	29	30	6	7
19/2/2021	015	4	12	25	46	48	7	12
23/2/2021	016	9	18	30	39	45	1	3
26/2/2021	017	6	12	22	29	33	6	11
2/3/2021	018	2	19	24	26	49	6	7
5/3/2021	019	4	5	39	46	48	7	10
9/3/2021	020	1	16	21	32	33	11	12
12/3/2021	021	4	6	9	11	44	10	11
16/3/2021	022	23	25	32	35	47	2	6
19/3/2021	023	3	9	35	43	44	1	10
23/3/2021	024	2	26	29	36	49	3	9
26/3/2021	025	10	12	37	49	50	3	8
30/3/2021	026	24	27	28	29	42	4	8
2/4/2021	027	4	21	34	40	47	2	5
6/4/2021	028	2	21	37	38	50	7	8
9/4/2021	029	2	8	32	35	44	8	11
13/4/2021	030	16	20	31	47	50	2	8
16/4/2021	031	6	11	29	40	48	5	9
20/4/2021	032	5	17	28	41	46	10	11
23/4/2021	033	3	14	15	19	29	2	8
27/4/2021	034	13	14	24	35	49	1	10
30/4/2021	035	1	16	24	28	46	2	11
4/5/2021	036	3	10	13	28	46	4	11
7/5/2021	037	14	22	33	38	47	8	9
11/5/2021	038	14	25	34	43	46	5	6
14/5/2021	039	6	16	18	29	38	6	11
18/5/2021	040	5	13	38	39	40	4	12
21/5/2021	041	2	9	13	15	35	3	10
25/5/2021	042	1	21	26	30	38	2	8
28/5/2021	043	11	13	16	34	40	1	12
1/6/2021	044	3	10	26	35	44	6	7
4/6/2021	045	7	20	36	40	46	2	4
8/6/2021	046	2	11	26	36	47	7	9
11/6/2021	047	9	17	21	33	39	7	11
15/6/2021	048	11	21	26	30	31	2	3
18/6/2021	049	11	20	27	30	41	3	5
22/6/2021	050	6	24	26	27	41	3	8
25/6/2021	051	1	29	30	33	36	3	12
29/6/2021	052	6	12	20	24	48	5	6
2/7/2021	053	9	14	29	38	49	7	10
6/7/2021	054	2	5	21	27	42	9	11
9/7/2021	055	6	19	36	37	49	4	11
13/7/2021	056	5	6	8	11	22	3	4
16/7/2021	057	5	16	42	47	49	3	11
20/7/2021	058	3	12	19	41	48	6	9
23/7/2021	059	23	24	26	34	50	2	4
27/7/2021	060	5	9	19	21	25	10	12
30/7/2021	061	10	23	33	35	37	5	10
3/8/2021	062	17	21	23	45	46	7	11
6/8/2021	063	7	14	21	26	32	4	12
10/8/2021	064	9	37	47	48	49	2	7
13/8/2021	065	6	12	44	47	49	8	12
17/8/2021	066	12	31	41	42	47	4	6
20/8/2021	067	3	9	19	20	23	9	11
24/8/2021	068	19	21	36	44	50	3	10
27/8/2021	069	2	3	31	46	50	8	12
31/8/2021	070	5	13	17	32	43	2	10
3/9/2021	071	5	7	13	29	35	3	7
7/9/2021	072	7	19	35	42	43	7	9
10/9/2021	073	1	6	7	18	28	2	8
14/9/2021	074	12	18	35	38	45	2	8
17/9/2021	075	5	7	8	10	34	1	9
21/9/2021	076	20	25	26	30	38	2	8
24/9/2021	077	2	12	20	27	41	10	12
28/9/2021	078	6	7	12	33	39	1	7
1/10/2021	079	1	15	19	26	48	6	12
5/10/2021	080	11	13	14	36	45	7	9
8/10/2021	081	1	10	23	42	46	3	5
12/10/2021	082	6	13	22	45	49	10	11
15/10/2021	083	21	26	31	34	49	2	5
19/10/2021	084	4	20	36	40	41	1	6
22/10/2021	085	12	17	22	33	39	2	12
26/10/2021	086	12	15	20	42	44	1	2
29/10/2021	087	10	15	28	32	49	3	9
2/11/2021	088	2	3	17	29	43	1	4
5/11/2021	089	2	12	25	30	41	8	11
9/11/2021	090	17	25	26	33	36	1	8
12/11/2021	091	2	9	15	47	50	6	9
16/11/2021	092	9	19	21	32	36	3	4
19/11/2021	093	22	26	38	47	50	2	6
23/11/2021	094	17	21	36	42	46	7	10
26/11/2021	095	1	20	41	42	50	3	7
30/11/2021	096	19	20	26	33	43	1	4
3/12/2021	097	21	22	29	32	46	9	10
7/12/2021	098	22	31	38	46	47	7	11
10/12/2021	099	11	21	33	38	42	2	8
14/12/2021	100	19	21	37	47	48	3	6
17/12/2021	101	1	2	15	30	35	2	7
21/12/2021	102	12	17	21	34	38	2	3
24/12/2021	103	2	26	28	34	41	5	10
28/12/2021	104	4	6	15	17	29	9	12
31/12/2021	105	7	22	25	43	49	6	7
4/1/2022	001	18	28	35	36	41	6	11
7/1/2022	002	2	14	37	44	50	7	11
11/1/2022	003	4	23	32	33	44	9	12
14/1/2022	004	6	17	25	31	46	9	12
18/1/2022	005	3	12	19	24	30	2	5
21/1/2022	006	5	14	35	36	39	7	12
25/1/2022	007	6	16	18	39	47	2	4
28/1/2022	008	10	25	29	34	45	9	10
1/2/2022	009	1	19	36	38	49	6	9
4/2/2022	010	3	25	38	43	49	3	7
8/2/2022	011	6	20	34	37	43	7	10
11/2/2022	012	13	18	38	42	45	7	11
15/2/2022	013	9	20	31	33	44	2	12
18/2/2022	014	25	38	41	43	50	6	10
22/2/2022	015	5	9	14	26	32	3	7
25/2/2022	016	10	13	24	30	42	1	5
1/3/2022	017	8	24	26	39	42	3	5
4/3/2022	018	6	20	40	42	43	10	12
8/3/2022	019	12	18	21	25	31	2	9
11/3/2022	020	12	19	22	23	48	2	6
15/3/2022	021	1	2	12	19	26	2	8
18/3/2022	022	1	9	14	17	43	6	12
22/3/2022	023	7	17	21	29	40	8	11
25/3/2022	024	6	10	24	27	29	5	12
29/3/2022	025	8	11	33	42	43	6	11
1/4/2022	026	2	7	21	31	45	4	10
5/4/2022	027	1	11	13	24	49	5	6
8/4/2022	028	1	15	16	38	45	4	11
12/4/2022	029	21	30	31	35	47	2	10
15/4/2022	030	6	24	30	32	48	5	6
19/4/2022	031	2	12	17	28	46	6	10
22/4/2022	032	6	11	21	35	36	1	9
26/4/2022	033	4	25	28	34	45	8	11
29/4/2022	034	10	11	20	36	37	3	7
3/5/2022	035	8	20	26	47	48	3	8
6/5/2022	036	3	8	18	24	40	3	11
10/5/2022	037	3	25	27	28	29	4	9
13/5/2022	038	3	11	17	45	48	4	8
17/5/2022	039	5	28	30	48	49	5	11
20/5/2022	040	8	22	23	32	50	3	9
24/5/2022	041	10	13	27	36	37	2	10
27/5/2022	042	15	23	28	34	48	3	5
31/5/2022	043	3	10	13	42	49	3	9
3/6/2022	044	12	28	29	34	48	9	11
7/6/2022	045	6	16	17	25	31	2	6
10/6/2022	046	17	26	36	37	40	9	12
14/6/2022	047	2	7	27	34	40	3	11
17/6/2022	048	19	21	22	31	38	7	11
21/6/2022	049	6	23	36	39	47	8	10
24/6/2022	050	10	17	28	44	50	8	12
28/6/2022	051	10	35	42	47	48	2	11
1/7/2022	052	6	18	24	34	46	3	12
5/7/2022	053	7	10	25	45	48	3	6
8/7/2022	054	28	31	35	43	46	4	7
12/7/2022	055	14	18	24	25	50	6	11
15/7/2022	056	9	17	29	38	39	7	10
19/7/2022	057	6	23	27	40	41	2	12
22/7/2022	058	16	18	29	32	50	4	11
26/7/2022	059	0	0	0	0	0	0	0
29/7/2022	060	0	0	0	0	0	0	0
2/8/2022	061	0	0	0	0	0	0	0
5/8/2022	062	0	0	0	0	0	0	0
9/8/2022	063	0	0	0	0	0	0	0
12/8/2022	064	0	0	0	0	0	0	0
16/8/2022	065	0	0	0	0	0	0	0
19/8/2022	066	0	0	0	0	0	0	0
23/8/2022	067	0	0	0	0	0	0	0
26/8/2022	068	0	0	0	0	0	0	0
30/8/2022	069	0	0	0	0	0	0	0
2/9/2022	070	0	0	0	0	0	0	0
6/9/2022	071	0	0	0	0	0	0	0
9/9/2022	072	0	0	0	0	0	0	0
13/9/2022	073	0	0	0	0	0	0	0
16/9/2022	074	0	0	0	0	0	0	0
20/9/2022	075	0	0	0	0	0	0	0
23/9/2022	076	0	0	0	0	0	0	0
27/9/2022	077	0	0	0	0	0	0	0
30/9/2022	078	0	0	0	0	0	0	0
4/10/2022	079	0	0	0	0	0	0	0
7/10/2022	080	0	0	0	0	0	0	0
11/10/2022	081	0	0	0	0	0	0	0
14/10/2022	082	0	0	0	0	0	0	0
18/10/2022	083	0	0	0	0	0	0	0
21/10/2022	084	0	0	0	0	0	0	0
25/10/2022	085	0	0	0	0	0	0	0
28/10/2022	086	0	0	0	0	0	0	0
1/11/2022	087	0	0	0	0	0	0	0
4/11/2022	088	0	0	0	0	0	0	0
8/11/2022	089	0	0	0	0	0	0	0
11/11/2022	090	0	0	0	0	0	0	0
15/11/2022	091	0	0	0	0	0	0	0
18/11/2022	092	0	0	0	0	0	0	0
22/11/2022	093	0	0	0	0	0	0	0
25/11/2022	094	0	0	0	0	0	0	0
29/11/2022	095	0	0	0	0	0	0	0
2/12/2022	096	0	0	0	0	0	0	0
6/12/2022	097	0	0	0	0	0	0	0
9/12/2022	098	0	0	0	0	0	0	0
13/12/2022	099	0	0	0	0	0	0	0
16/12/2022	100	0	0	0	0	0	0	0
20/12/2022	101	0	0	0	0	0	0	0
23/12/2022	102	0	0	0	0	0	0	0
27/12/2022	103	0	0	0	0	0	0	0
30/12/2022	104	0	0	0	0	0	0	0
